test4
test4

TR_temp =

         0         0         0         0
         0    0.3030    0.4926    0.2044
         0    0.1949    0.1841    0.6209
         0    0.7247    0.0791    0.1962


EM_temp =

     0
     1
     1
     1


TR_temp =

         0         0         0         0
         0    0.3333    0.5313    0.1353
         0    0.1759    0.2215    0.6026
         0    0.7235    0.0956    0.1809


EM_temp =

     0
     1
     1
     1


TR_temp =

         0         0         0         0
         0    0.3025    0.5075    0.1900
         0    0.2105    0.1895    0.6000
         0    0.6975    0.0892    0.2134


EM_temp =

     0
     1
     1
     1


TR_temp =

         0         0         0         0
         0    0.3116    0.5290    0.1594
         0    0.2234    0.1418    0.6348
         0    0.7327    0.0792    0.1881


EM_temp =

     0
     1
     1
     1


TR_temp =

         0         0         0         0
         0    0.3473    0.4828    0.1700
         0    0.2116    0.2321    0.5563
         0    0.6767    0.0967    0.2267


EM_temp =

     0
     1
     1
     1


TR_temp =

         0         0         0         0
         0    0.2808    0.5144    0.2047
         0    0.1718    0.2131    0.6151
         0    0.6881    0.1009    0.2110


EM_temp =

     0
     1
     1
     1


TR_temp =

         0         0         0         0
         0    0.2950    0.5000    0.2050
         0    0.1986    0.1844    0.6170
         0    0.7098    0.0946    0.1956


EM_temp =

     0
     1
     1
     1


TR_temp =

         0         0         0         0
         0    0.3077    0.4667    0.2256
         0    0.1748    0.2308    0.5944
         0    0.6780    0.1176    0.2043


EM_temp =

     0
     1
     1
     1


TR_temp =

         0         0         0         0
         0    0.2934    0.5026    0.2041
         0    0.1921    0.2417    0.5662
         0    0.7180    0.1049    0.1770


EM_temp =

     0
     1
     1
     1


TR_temp =

         0         0         0         0
         0    0.2879    0.5219    0.1902
         0    0.1519    0.1837    0.6643
         0    0.7125    0.0887    0.1988


EM_temp =

     0
     1
     1
     1


TR_temp =

         0         0         0         0
         0    0.3155    0.4830    0.2015
         0    0.1970    0.1599    0.6431
         0    0.7201    0.0849    0.1950


EM_temp =

     0
     1
     1
     1


TR_temp =

         0         0         0         0
         0    0.2935    0.5224    0.1841
         0    0.1987    0.2285    0.5728
         0    0.7559    0.0780    0.1661


EM_temp =

     0
     1
     1
     1


TR_temp =

         0         0         0         0
         0    0.3123    0.4937    0.1940
         0    0.1908    0.1696    0.6396
         0    0.6865    0.1223    0.1912


EM_temp =

     0
     1
     1
     1


TR_temp =

         0         0         0         0
         0    0.3232    0.4899    0.1869
         0    0.1921    0.2384    0.5695
         0    0.7010    0.1196    0.1794


EM_temp =

     0
     1
     1
     1


TR_temp =

         0         0         0         0
         0    0.3193    0.4728    0.2079
         0    0.1845    0.1882    0.6273
         0    0.6944    0.0895    0.2160


EM_temp =

     0
     1
     1
     1


TR_temp =

         0         0         0         0
         0    0.2709    0.5063    0.2228
         0    0.2286    0.1571    0.6143
         0    0.6883    0.1111    0.2006


EM_temp =

     0
     1
     1
     1


TR_temp =

         0         0         0         0
         0    0.2889    0.4494    0.2617
         0    0.2481    0.1963    0.5556
         0    0.6821    0.1111    0.2068


EM_temp =

     0
     1
     1
     1


TR_temp =

         0         0         0         0
         0    0.3268    0.4742    0.1990
         0    0.1927    0.1891    0.6182
         0    0.6972    0.0946    0.2082


EM_temp =

     0
     1
     1
     1


TR_temp =

         0         0         0         0
         0    0.3017    0.4623    0.2360
         0    0.1910    0.1948    0.6142
         0    0.7383    0.0779    0.1838


EM_temp =

     0
     1
     1
     1


TR_temp =

         0         0         0         0
         0    0.2990    0.5077    0.1933
         0    0.1894    0.2326    0.5781
         0    0.6935    0.1129    0.1935


EM_temp =

     0
     1
     1
     1


TR_temp =

         0         0         0         0
         0    0.3286    0.4548    0.2167
         0    0.2231    0.1615    0.6154
         0    0.7022    0.0846    0.2132


EM_temp =

     0
     1
     1
     1


TR_temp =

         0         0         0         0
         0    0.3155    0.5140    0.1705
         0    0.1672    0.1911    0.6416
         0    0.7061    0.1118    0.1821


EM_temp =

     0
     1
     1
     1


TR_temp =

         0         0         0         0
         0    0.3056    0.4722    0.2222
         0    0.2222    0.1864    0.5914
         0    0.6574    0.1235    0.2191


EM_temp =

     0
     1
     1
     1


TR_temp =

         0         0         0         0
         0    0.3111    0.5185    0.1704
         0    0.2145    0.1730    0.6125
         0    0.7148    0.0951    0.1902


EM_temp =

     0
     1
     1
     1


TR_temp =

         0         0         0         0
         0    0.3209    0.5000    0.1791
         0    0.1776    0.2434    0.5789
         0    0.7474    0.0990    0.1536


EM_temp =

     0
     1
     1
     1


TR_temp =

         0         0         0         0
         0    0.2656    0.5104    0.2240
         0    0.2034    0.2237    0.5729
         0    0.6937    0.1000    0.2062


EM_temp =

     0
     1
     1
     1


TR_temp =

         0         0         0         0
         0    0.3033    0.4962    0.2005
         0    0.1840    0.1979    0.6181
         0    0.7179    0.1090    0.1731


EM_temp =

     0
     1
     1
     1


TR_temp =

         0         0         0         0
         0    0.2663    0.5614    0.1723
         0    0.1483    0.1724    0.6793
         0    0.7331    0.0767    0.1902


EM_temp =

     0
     1
     1
     1


TR_temp =

         0         0         0         0
         0    0.3325    0.4854    0.1820
         0    0.1832    0.1832    0.6337
         0    0.7197    0.0732    0.2070


EM_temp =

     0
     1
     1
     1


TR_temp =

         0         0         0         0
         0    0.3043    0.5166    0.1790
         0    0.2098    0.1748    0.6154
         0    0.6584    0.1056    0.2360


EM_temp =

     0
     1
     1
     1


TR_temp =

         0         0         0         0
         0    0.2949    0.5077    0.1974
         0    0.1438    0.2158    0.6404
         0    0.7350    0.0978    0.1672


EM_temp =

     0
     1
     1
     1


TR_temp =

         0         0         0         0
         0    0.3213    0.4844    0.1942
         0    0.2403    0.1943    0.5654
         0    0.7157    0.0870    0.1973


EM_temp =

     0
     1
     1
     1


TR_temp =

         0         0         0         0
         0    0.2846    0.4961    0.2193
         0    0.1979    0.1943    0.6078
         0    0.6517    0.1141    0.2342


EM_temp =

     0
     1
     1
     1


TR_temp =

         0         0         0         0
         0    0.2606    0.5293    0.2101
         0    0.2110    0.2435    0.5455
         0    0.6762    0.1111    0.2127


EM_temp =

     0
     1
     1
     1


TR_temp =

         0         0         0         0
         0    0.3040    0.4749    0.2211
         0    0.1837    0.2155    0.6007
         0    0.7044    0.1038    0.1918


EM_temp =

     0
     1
     1
     1


TR_temp =

         0         0         0         0
         0    0.2861    0.5063    0.2076
         0    0.1873    0.2049    0.6078
         0    0.7103    0.0779    0.2118


EM_temp =

     0
     1
     1
     1


TR_temp =

         0         0         0         0
         0    0.3088    0.5147    0.1765
         0    0.2111    0.1696    0.6194
         0    0.7318    0.0960    0.1722


EM_temp =

     0
     1
     1
     1


TR_temp =

         0         0         0         0
         0    0.3383    0.4914    0.1704
         0    0.1943    0.1802    0.6254
         0    0.6849    0.1029    0.2122


EM_temp =

     0
     1
     1
     1


TR_temp =

         0         0         0         0
         0    0.3270    0.5179    0.1551
         0    0.2177    0.1667    0.6156
         0    0.7622    0.0979    0.1399


EM_temp =

     0
     1
     1
     1


TR_temp =

         0         0         0         0
         0    0.2879    0.5116    0.2005
         0    0.1932    0.2136    0.5932
         0    0.6952    0.1079    0.1968


EM_temp =

     0
     1
     1
     1


TR_temp =

         0         0         0         0
         0    0.3212    0.4842    0.1946
         0    0.2363    0.2192    0.5445
         0    0.7095    0.0980    0.1926


EM_temp =

     0
     1
     1
     1


TR_temp =

         0         0         0         0
         0    0.3267    0.4663    0.2070
         0    0.1828    0.2151    0.6022
         0    0.6834    0.1003    0.2163


EM_temp =

     0
     1
     1
     1


TR_temp =

         0         0         0         0
         0    0.2824    0.5285    0.1891
         0    0.2177    0.2007    0.5816
         0    0.6708    0.0972    0.2320


EM_temp =

     0
     1
     1
     1


TR_temp =

         0         0         0         0
         0    0.3213    0.5060    0.1727
         0    0.2326    0.1667    0.6007
         0    0.7313    0.0986    0.1701


EM_temp =

     0
     1
     1
     1


TR_temp =

         0         0         0         0
         0    0.2998    0.5012    0.1990
         0    0.2283    0.1486    0.6232
         0    0.7057    0.0981    0.1962


EM_temp =

     0
     1
     1
     1


TR_temp =

         0         0         0         0
         0    0.2513    0.5317    0.2169
         0    0.1761    0.2359    0.5880
         0    0.7156    0.0906    0.1938


EM_temp =

     0
     1
     1
     1


TR_temp =

         0         0         0         0
         0    0.3163    0.4847    0.1990
         0    0.1742    0.2334    0.5923
         0    0.6844    0.0938    0.2219


EM_temp =

     0
     1
     1
     1


TR_temp =

         0         0         0         0
         0    0.3223    0.5064    0.1714
         0    0.1987    0.2345    0.5668
         0    0.6811    0.1229    0.1960


EM_temp =

     0
     1
     1
     1


TR_temp =

         0         0         0         0
         0    0.3092    0.4713    0.2195
         0    0.2064    0.2242    0.5694
         0    0.6877    0.0946    0.2177


EM_temp =

     0
     1
     1
     1


TR_temp =

         0         0         0         0
         0    0.3056    0.4988    0.1956
         0    0.2338    0.1583    0.6079
         0    0.7019    0.0994    0.1987


EM_temp =

     0
     1
     1
     1


TR_temp =

         0         0         0         0
         0    0.3133    0.4912    0.1955
         0    0.2111    0.1972    0.5917
         0    0.6817    0.1158    0.2026


EM_temp =

     0
     1
     1
     1


TR_temp =

         0         0         0         0
         0    0.3042    0.5312    0.1646
         0    0.2233    0.2233    0.5534
         0    0.7266    0.0900    0.1834


EM_temp =

     0
     1
     1
     1


TR_temp =

         0         0         0         0
         0    0.3149    0.5164    0.1688
         0    0.1886    0.1751    0.6364
         0    0.7049    0.1311    0.1639


EM_temp =

     0
     1
     1
     1


TR_temp =

         0         0         0         0
         0    0.2944    0.4848    0.2208
         0    0.1884    0.1848    0.6268
         0    0.6839    0.1033    0.2128


EM_temp =

     0
     1
     1
     1


TR_temp =

         0         0         0         0
         0    0.2527    0.5296    0.2177
         0    0.1799    0.1696    0.6505
         0    0.6716    0.1243    0.2041


EM_temp =

     0
     1
     1
     1


TR_temp =

         0         0         0         0
         0    0.3033    0.4762    0.2206
         0    0.2423    0.2218    0.5358
         0    0.6710    0.1270    0.2020


EM_temp =

     0
     1
     1
     1


TR_temp =

         0         0         0         0
         0    0.3209    0.4751    0.2040
         0    0.1496    0.1934    0.6569
         0    0.7152    0.0929    0.1920


EM_temp =

     0
     1
     1
     1


TR_temp =

         0         0         0         0
         0    0.2759    0.5279    0.1963
         0    0.2152    0.2405    0.5443
         0    0.6699    0.1373    0.1928


EM_temp =

     0
     1
     1
     1


TR_temp =

         0         0         0         0
         0    0.3198    0.4893    0.1909
         0    0.2500    0.2158    0.5342
         0    0.7396    0.0833    0.1771


EM_temp =

     0
     1
     1
     1


TR_temp =

         0         0         0         0
         0    0.2798    0.5026    0.2176
         0    0.1655    0.1931    0.6414
         0    0.7121    0.1238    0.1641


EM_temp =

     0
     1
     1
     1


TR_temp =

         0         0         0         0
         0    0.2685    0.5243    0.2072
         0    0.2057    0.1667    0.6277
         0    0.6963    0.0920    0.2117


EM_temp =

     0
     1
     1
     1


TR_temp =

         0         0         0         0
         0    0.3032    0.4914    0.2054
         0    0.2544    0.2014    0.5442
         0    0.6938    0.0814    0.2248


EM_temp =

     0
     1
     1
     1


TR_temp =

         0         0         0         0
         0    0.2923    0.5103    0.1974
         0    0.2083    0.1597    0.6319
         0    0.6729    0.1308    0.1963


EM_temp =

     0
     1
     1
     1


TR_temp =

         0         0         0         0
         0    0.3040    0.5050    0.1910
         0    0.1725    0.1901    0.6373
         0    0.7224    0.0915    0.1861


EM_temp =

     0
     1
     1
     1


TR_temp =

         0         0         0         0
         0    0.3193    0.4777    0.2030
         0    0.2015    0.1832    0.6154
         0    0.6863    0.0901    0.2236


EM_temp =

     0
     1
     1
     1


TR_temp =

         0         0         0         0
         0    0.2938    0.5012    0.2049
         0    0.1986    0.2123    0.5890
         0    0.7583    0.0861    0.1556


EM_temp =

     0
     1
     1
     1


TR_temp =

         0         0         0         0
         0    0.2857    0.5074    0.2069
         0    0.2281    0.1930    0.5789
         0    0.7305    0.0779    0.1916


EM_temp =

     0
     1
     1
     1


TR_temp =

         0         0         0         0
         0    0.3005    0.4922    0.2073
         0    0.1549    0.2424    0.6027
         0    0.7089    0.1108    0.1804


EM_temp =

     0
     1
     1
     1


TR_temp =

         0         0         0         0
         0    0.3231    0.4846    0.1923
         0    0.1803    0.2347    0.5850
         0    0.6667    0.1175    0.2159


EM_temp =

     0
     1
     1
     1


TR_temp =

         0         0         0         0
         0    0.2916    0.5422    0.1662
         0    0.1980    0.1812    0.6208
         0    0.7032    0.1065    0.1903


EM_temp =

     0
     1
     1
     1


TR_temp =

         0         0         0         0
         0    0.2987    0.5039    0.1974
         0    0.1753    0.2027    0.6220
         0    0.6780    0.1207    0.2012


EM_temp =

     0
     1
     1
     1


TR_temp =

         0         0         0         0
         0    0.2748    0.5115    0.2137
         0    0.2007    0.1901    0.6092
         0    0.7081    0.0932    0.1988


EM_temp =

     0
     1
     1
     1


TR_temp =

         0         0         0         0
         0    0.3128    0.4606    0.2266
         0    0.1992    0.1767    0.6241
         0    0.6942    0.0979    0.2080


EM_temp =

     0
     1
     1
     1


TR_temp =

         0         0         0         0
         0    0.2857    0.5024    0.2119
         0    0.2764    0.1527    0.5709
         0    0.7401    0.0724    0.1875


EM_temp =

     0
     1
     1
     1


TR_temp =

         0         0         0         0
         0    0.2843    0.4797    0.2360
         0    0.1799    0.2050    0.6151
         0    0.7064    0.0979    0.1957


EM_temp =

     0
     1
     1
     1


TR_temp =

         0         0         0         0
         0    0.3202    0.4704    0.2094
         0    0.1934    0.2007    0.6058
         0    0.7022    0.0878    0.2100


EM_temp =

     0
     1
     1
     1


TR_temp =

         0         0         0         0
         0    0.2842    0.5105    0.2053
         0    0.1913    0.2181    0.5906
         0    0.6667    0.1215    0.2118


EM_temp =

     0
     1
     1
     1


TR_temp =

         0         0         0         0
         0    0.2644    0.4974    0.2382
         0    0.1913    0.2130    0.5957
         0    0.6706    0.0824    0.2471


EM_temp =

     0
     1
     1
     1


TR_temp =

         0         0         0         0
         0    0.2926    0.4885    0.2188
         0    0.1679    0.1642    0.6679
         0    0.6988    0.1145    0.1867


EM_temp =

     0
     1
     1
     1


TR_temp =

         0         0         0         0
         0    0.3053    0.4733    0.2214
         0    0.2045    0.1599    0.6357
         0    0.6469    0.1217    0.2315


EM_temp =

     0
     1
     1
     1


TR_temp =

         0         0         0         0
         0    0.2887    0.5284    0.1830
         0    0.2181    0.1946    0.5872
         0    0.6773    0.1118    0.2109


EM_temp =

     0
     1
     1
     1


TR_temp =

         0         0         0         0
         0    0.2832    0.5063    0.2105
         0    0.2166    0.1588    0.6245
         0    0.6997    0.0991    0.2012


EM_temp =

     0
     1
     1
     1


TR_temp =

         0         0         0         0
         0    0.3463    0.4707    0.1829
         0    0.1604    0.1828    0.6567
         0    0.6978    0.0810    0.2212


EM_temp =

     0
     1
     1
     1


TR_temp =

         0         0         0         0
         0    0.3030    0.5202    0.1768
         0    0.1939    0.2109    0.5952
         0    0.7087    0.0841    0.2071


EM_temp =

     0
     1
     1
     1


TR_temp =

         0         0         0         0
         0    0.3382    0.4734    0.1884
         0    0.2437    0.1900    0.5663
         0    0.6765    0.0980    0.2255


EM_temp =

     0
     1
     1
     1


TR_temp =

         0         0         0         0
         0    0.2835    0.5114    0.2051
         0    0.2432    0.1918    0.5651
         0    0.6763    0.1122    0.2115


EM_temp =

     0
     1
     1
     1


TR_temp =

         0         0         0         0
         0    0.2891    0.4974    0.2135
         0    0.2000    0.2068    0.5932
         0    0.6687    0.1344    0.1969


EM_temp =

     0
     1
     1
     1


TR_temp =

         0         0         0         0
         0    0.3216    0.4874    0.1910
         0    0.1831    0.1866    0.6303
         0    0.6877    0.1199    0.1924


EM_temp =

     0
     1
     1
     1


TR_temp =

         0         0         0         0
         0    0.3235    0.4914    0.1852
         0    0.2085    0.2014    0.5901
         0    0.6913    0.0868    0.2219


EM_temp =

     0
     1
     1
     1


TR_temp =

         0         0         0         0
         0    0.3042    0.5262    0.1696
         0    0.2174    0.2007    0.5819
         0    0.7124    0.0970    0.1906


EM_temp =

     0
     1
     1
     1


TR_temp =

         0         0         0         0
         0    0.3272    0.4654    0.2074
         0    0.2705    0.1779    0.5516
         0    0.7570    0.1021    0.1408


EM_temp =

     0
     1
     1
     1


TR_temp =

         0         0         0         0
         0    0.3194    0.5086    0.1720
         0    0.2172    0.1862    0.5966
         0    0.7086    0.0960    0.1954


EM_temp =

     0
     1
     1
     1


TR_temp =

         0         0         0         0
         0    0.2932    0.5138    0.1930
         0    0.2222    0.2088    0.5690
         0    0.7162    0.0990    0.1848


EM_temp =

     0
     1
     1
     1


TR_temp =

         0         0         0         0
         0    0.2987    0.5139    0.1873
         0    0.1777    0.1916    0.6307
         0    0.7098    0.0915    0.1987


EM_temp =

     0
     1
     1
     1


TR_temp =

         0         0         0         0
         0    0.3025    0.4900    0.2075
         0    0.2035    0.1754    0.6211
         0    0.7038    0.1274    0.1688


EM_temp =

     0
     1
     1
     1


TR_temp =

         0         0         0         0
         0    0.3116    0.5226    0.1658
         0    0.1842    0.2303    0.5855
         0    0.7340    0.0875    0.1785


EM_temp =

     0
     1
     1
     1


TR_temp =

         0         0         0         0
         0    0.3154    0.4914    0.1932
         0    0.2021    0.1915    0.6064
         0    0.7273    0.0877    0.1851


EM_temp =

     0
     1
     1
     1


TR_temp =

         0         0         0         0
         0    0.2893    0.5228    0.1878
         0    0.2054    0.2054    0.5892
         0    0.7110    0.0942    0.1948


EM_temp =

     0
     1
     1
     1


TR_temp =

         0         0         0         0
         0    0.2930    0.5206    0.1864
         0    0.2413    0.1748    0.5839
         0    0.7433    0.0733    0.1833


EM_temp =

     0
     1
     1
     1


TR_temp =

         0         0         0         0
         0    0.2843    0.5102    0.2056
         0    0.2000    0.1895    0.6105
         0    0.7031    0.0938    0.2031


EM_temp =

     0
     1
     1
     1


TR =

         0         0         0         0
         0    0.3024    0.4998    0.1978
         0    0.2012    0.1964    0.6024
         0    0.7025    0.1002    0.1974


EM =

     0
     1
     1
     1

test4

TR_temp =

         0         0         0         0
         0    0.3030    0.4926    0.2044
         0    0.1949    0.1841    0.6209
         0    0.7247    0.0791    0.1962


EM_temp =

     0
     1
     1
     1


TR_temp =

         0         0         0         0
         0    0.3333    0.5313    0.1353
         0    0.1759    0.2215    0.6026
         0    0.7235    0.0956    0.1809


EM_temp =

     0
     1
     1
     1


TR_temp =

         0         0         0         0
         0    0.3025    0.5075    0.1900
         0    0.2105    0.1895    0.6000
         0    0.6975    0.0892    0.2134


EM_temp =

     0
     1
     1
     1


TR_temp =

         0         0         0         0
         0    0.3116    0.5290    0.1594
         0    0.2234    0.1418    0.6348
         0    0.7327    0.0792    0.1881


EM_temp =

     0
     1
     1
     1


TR_temp =

         0         0         0         0
         0    0.3473    0.4828    0.1700
         0    0.2116    0.2321    0.5563
         0    0.6767    0.0967    0.2267


EM_temp =

     0
     1
     1
     1


TR_temp =

         0         0         0         0
         0    0.2808    0.5144    0.2047
         0    0.1718    0.2131    0.6151
         0    0.6881    0.1009    0.2110


EM_temp =

     0
     1
     1
     1


TR_temp =

         0         0         0         0
         0    0.2950    0.5000    0.2050
         0    0.1986    0.1844    0.6170
         0    0.7098    0.0946    0.1956


EM_temp =

     0
     1
     1
     1


TR_temp =

         0         0         0         0
         0    0.3077    0.4667    0.2256
         0    0.1748    0.2308    0.5944
         0    0.6780    0.1176    0.2043


EM_temp =

     0
     1
     1
     1


TR_temp =

         0         0         0         0
         0    0.2934    0.5026    0.2041
         0    0.1921    0.2417    0.5662
         0    0.7180    0.1049    0.1770


EM_temp =

     0
     1
     1
     1


TR_temp =

         0         0         0         0
         0    0.2879    0.5219    0.1902
         0    0.1519    0.1837    0.6643
         0    0.7125    0.0887    0.1988


EM_temp =

     0
     1
     1
     1


TR_temp =

         0         0         0         0
         0    0.3155    0.4830    0.2015
         0    0.1970    0.1599    0.6431
         0    0.7201    0.0849    0.1950


EM_temp =

     0
     1
     1
     1


TR_temp =

         0         0         0         0
         0    0.2935    0.5224    0.1841
         0    0.1987    0.2285    0.5728
         0    0.7559    0.0780    0.1661


EM_temp =

     0
     1
     1
     1


TR_temp =

         0         0         0         0
         0    0.3123    0.4937    0.1940
         0    0.1908    0.1696    0.6396
         0    0.6865    0.1223    0.1912


EM_temp =

     0
     1
     1
     1


TR_temp =

         0         0         0         0
         0    0.3232    0.4899    0.1869
         0    0.1921    0.2384    0.5695
         0    0.7010    0.1196    0.1794


EM_temp =

     0
     1
     1
     1


TR_temp =

         0         0         0         0
         0    0.3193    0.4728    0.2079
         0    0.1845    0.1882    0.6273
         0    0.6944    0.0895    0.2160


EM_temp =

     0
     1
     1
     1


TR_temp =

         0         0         0         0
         0    0.2709    0.5063    0.2228
         0    0.2286    0.1571    0.6143
         0    0.6883    0.1111    0.2006


EM_temp =

     0
     1
     1
     1


TR_temp =

         0         0         0         0
         0    0.2889    0.4494    0.2617
         0    0.2481    0.1963    0.5556
         0    0.6821    0.1111    0.2068


EM_temp =

     0
     1
     1
     1


TR_temp =

         0         0         0         0
         0    0.3268    0.4742    0.1990
         0    0.1927    0.1891    0.6182
         0    0.6972    0.0946    0.2082


EM_temp =

     0
     1
     1
     1


TR_temp =

         0         0         0         0
         0    0.3017    0.4623    0.2360
         0    0.1910    0.1948    0.6142
         0    0.7383    0.0779    0.1838


EM_temp =

     0
     1
     1
     1


TR_temp =

         0         0         0         0
         0    0.2990    0.5077    0.1933
         0    0.1894    0.2326    0.5781
         0    0.6935    0.1129    0.1935


EM_temp =

     0
     1
     1
     1


TR_temp =

         0         0         0         0
         0    0.3286    0.4548    0.2167
         0    0.2231    0.1615    0.6154
         0    0.7022    0.0846    0.2132


EM_temp =

     0
     1
     1
     1


TR_temp =

         0         0         0         0
         0    0.3155    0.5140    0.1705
         0    0.1672    0.1911    0.6416
         0    0.7061    0.1118    0.1821


EM_temp =

     0
     1
     1
     1


TR_temp =

         0         0         0         0
         0    0.3056    0.4722    0.2222
         0    0.2222    0.1864    0.5914
         0    0.6574    0.1235    0.2191


EM_temp =

     0
     1
     1
     1


TR_temp =

         0         0         0         0
         0    0.3111    0.5185    0.1704
         0    0.2145    0.1730    0.6125
         0    0.7148    0.0951    0.1902


EM_temp =

     0
     1
     1
     1


TR_temp =

         0         0         0         0
         0    0.3209    0.5000    0.1791
         0    0.1776    0.2434    0.5789
         0    0.7474    0.0990    0.1536


EM_temp =

     0
     1
     1
     1


TR_temp =

         0         0         0         0
         0    0.2656    0.5104    0.2240
         0    0.2034    0.2237    0.5729
         0    0.6937    0.1000    0.2062


EM_temp =

     0
     1
     1
     1


TR_temp =

         0         0         0         0
         0    0.3033    0.4962    0.2005
         0    0.1840    0.1979    0.6181
         0    0.7179    0.1090    0.1731


EM_temp =

     0
     1
     1
     1


TR_temp =

         0         0         0         0
         0    0.2663    0.5614    0.1723
         0    0.1483    0.1724    0.6793
         0    0.7331    0.0767    0.1902


EM_temp =

     0
     1
     1
     1


TR_temp =

         0         0         0         0
         0    0.3325    0.4854    0.1820
         0    0.1832    0.1832    0.6337
         0    0.7197    0.0732    0.2070


EM_temp =

     0
     1
     1
     1


TR_temp =

         0         0         0         0
         0    0.3043    0.5166    0.1790
         0    0.2098    0.1748    0.6154
         0    0.6584    0.1056    0.2360


EM_temp =

     0
     1
     1
     1


TR_temp =

         0         0         0         0
         0    0.2949    0.5077    0.1974
         0    0.1438    0.2158    0.6404
         0    0.7350    0.0978    0.1672


EM_temp =

     0
     1
     1
     1


TR_temp =

         0         0         0         0
         0    0.3213    0.4844    0.1942
         0    0.2403    0.1943    0.5654
         0    0.7157    0.0870    0.1973


EM_temp =

     0
     1
     1
     1


TR_temp =

         0         0         0         0
         0    0.2846    0.4961    0.2193
         0    0.1979    0.1943    0.6078
         0    0.6517    0.1141    0.2342


EM_temp =

     0
     1
     1
     1


TR_temp =

         0         0         0         0
         0    0.2606    0.5293    0.2101
         0    0.2110    0.2435    0.5455
         0    0.6762    0.1111    0.2127


EM_temp =

     0
     1
     1
     1


TR_temp =

         0         0         0         0
         0    0.3040    0.4749    0.2211
         0    0.1837    0.2155    0.6007
         0    0.7044    0.1038    0.1918


EM_temp =

     0
     1
     1
     1


TR_temp =

         0         0         0         0
         0    0.2861    0.5063    0.2076
         0    0.1873    0.2049    0.6078
         0    0.7103    0.0779    0.2118


EM_temp =

     0
     1
     1
     1


TR_temp =

         0         0         0         0
         0    0.3088    0.5147    0.1765
         0    0.2111    0.1696    0.6194
         0    0.7318    0.0960    0.1722


EM_temp =

     0
     1
     1
     1


TR_temp =

         0         0         0         0
         0    0.3383    0.4914    0.1704
         0    0.1943    0.1802    0.6254
         0    0.6849    0.1029    0.2122


EM_temp =

     0
     1
     1
     1


TR_temp =

         0         0         0         0
         0    0.3270    0.5179    0.1551
         0    0.2177    0.1667    0.6156
         0    0.7622    0.0979    0.1399


EM_temp =

     0
     1
     1
     1


TR_temp =

         0         0         0         0
         0    0.2879    0.5116    0.2005
         0    0.1932    0.2136    0.5932
         0    0.6952    0.1079    0.1968


EM_temp =

     0
     1
     1
     1


TR_temp =

         0         0         0         0
         0    0.3212    0.4842    0.1946
         0    0.2363    0.2192    0.5445
         0    0.7095    0.0980    0.1926


EM_temp =

     0
     1
     1
     1


TR_temp =

         0         0         0         0
         0    0.3267    0.4663    0.2070
         0    0.1828    0.2151    0.6022
         0    0.6834    0.1003    0.2163


EM_temp =

     0
     1
     1
     1


TR_temp =

         0         0         0         0
         0    0.2824    0.5285    0.1891
         0    0.2177    0.2007    0.5816
         0    0.6708    0.0972    0.2320


EM_temp =

     0
     1
     1
     1


TR_temp =

         0         0         0         0
         0    0.3213    0.5060    0.1727
         0    0.2326    0.1667    0.6007
         0    0.7313    0.0986    0.1701


EM_temp =

     0
     1
     1
     1


TR_temp =

         0         0         0         0
         0    0.2998    0.5012    0.1990
         0    0.2283    0.1486    0.6232
         0    0.7057    0.0981    0.1962


EM_temp =

     0
     1
     1
     1


TR_temp =

         0         0         0         0
         0    0.2513    0.5317    0.2169
         0    0.1761    0.2359    0.5880
         0    0.7156    0.0906    0.1938


EM_temp =

     0
     1
     1
     1


TR_temp =

         0         0         0         0
         0    0.3163    0.4847    0.1990
         0    0.1742    0.2334    0.5923
         0    0.6844    0.0938    0.2219


EM_temp =

     0
     1
     1
     1


TR_temp =

         0         0         0         0
         0    0.3223    0.5064    0.1714
         0    0.1987    0.2345    0.5668
         0    0.6811    0.1229    0.1960


EM_temp =

     0
     1
     1
     1


TR_temp =

         0         0         0         0
         0    0.3092    0.4713    0.2195
         0    0.2064    0.2242    0.5694
         0    0.6877    0.0946    0.2177


EM_temp =

     0
     1
     1
     1


TR_temp =

         0         0         0         0
         0    0.3056    0.4988    0.1956
         0    0.2338    0.1583    0.6079
         0    0.7019    0.0994    0.1987


EM_temp =

     0
     1
     1
     1


TR_temp =

         0         0         0         0
         0    0.3133    0.4912    0.1955
         0    0.2111    0.1972    0.5917
         0    0.6817    0.1158    0.2026


EM_temp =

     0
     1
     1
     1


TR_temp =

         0         0         0         0
         0    0.3042    0.5312    0.1646
         0    0.2233    0.2233    0.5534
         0    0.7266    0.0900    0.1834


EM_temp =

     0
     1
     1
     1


TR_temp =

         0         0         0         0
         0    0.3149    0.5164    0.1688
         0    0.1886    0.1751    0.6364
         0    0.7049    0.1311    0.1639


EM_temp =

     0
     1
     1
     1


TR_temp =

         0         0         0         0
         0    0.2944    0.4848    0.2208
         0    0.1884    0.1848    0.6268
         0    0.6839    0.1033    0.2128


EM_temp =

     0
     1
     1
     1


TR_temp =

         0         0         0         0
         0    0.2527    0.5296    0.2177
         0    0.1799    0.1696    0.6505
         0    0.6716    0.1243    0.2041


EM_temp =

     0
     1
     1
     1


TR_temp =

         0         0         0         0
         0    0.3033    0.4762    0.2206
         0    0.2423    0.2218    0.5358
         0    0.6710    0.1270    0.2020


EM_temp =

     0
     1
     1
     1


TR_temp =

         0         0         0         0
         0    0.3209    0.4751    0.2040
         0    0.1496    0.1934    0.6569
         0    0.7152    0.0929    0.1920


EM_temp =

     0
     1
     1
     1


TR_temp =

         0         0         0         0
         0    0.2759    0.5279    0.1963
         0    0.2152    0.2405    0.5443
         0    0.6699    0.1373    0.1928


EM_temp =

     0
     1
     1
     1


TR_temp =

         0         0         0         0
         0    0.3198    0.4893    0.1909
         0    0.2500    0.2158    0.5342
         0    0.7396    0.0833    0.1771


EM_temp =

     0
     1
     1
     1


TR_temp =

         0         0         0         0
         0    0.2798    0.5026    0.2176
         0    0.1655    0.1931    0.6414
         0    0.7121    0.1238    0.1641


EM_temp =

     0
     1
     1
     1


TR_temp =

         0         0         0         0
         0    0.2685    0.5243    0.2072
         0    0.2057    0.1667    0.6277
         0    0.6963    0.0920    0.2117


EM_temp =

     0
     1
     1
     1


TR_temp =

         0         0         0         0
         0    0.3032    0.4914    0.2054
         0    0.2544    0.2014    0.5442
         0    0.6938    0.0814    0.2248


EM_temp =

     0
     1
     1
     1


TR_temp =

         0         0         0         0
         0    0.2923    0.5103    0.1974
         0    0.2083    0.1597    0.6319
         0    0.6729    0.1308    0.1963


EM_temp =

     0
     1
     1
     1


TR_temp =

         0         0         0         0
         0    0.3040    0.5050    0.1910
         0    0.1725    0.1901    0.6373
         0    0.7224    0.0915    0.1861


EM_temp =

     0
     1
     1
     1


TR_temp =

         0         0         0         0
         0    0.3193    0.4777    0.2030
         0    0.2015    0.1832    0.6154
         0    0.6863    0.0901    0.2236


EM_temp =

     0
     1
     1
     1


TR_temp =

         0         0         0         0
         0    0.2938    0.5012    0.2049
         0    0.1986    0.2123    0.5890
         0    0.7583    0.0861    0.1556


EM_temp =

     0
     1
     1
     1


TR_temp =

         0         0         0         0
         0    0.2857    0.5074    0.2069
         0    0.2281    0.1930    0.5789
         0    0.7305    0.0779    0.1916


EM_temp =

     0
     1
     1
     1


TR_temp =

         0         0         0         0
         0    0.3005    0.4922    0.2073
         0    0.1549    0.2424    0.6027
         0    0.7089    0.1108    0.1804


EM_temp =

     0
     1
     1
     1


TR_temp =

         0         0         0         0
         0    0.3231    0.4846    0.1923
         0    0.1803    0.2347    0.5850
         0    0.6667    0.1175    0.2159


EM_temp =

     0
     1
     1
     1


TR_temp =

         0         0         0         0
         0    0.2916    0.5422    0.1662
         0    0.1980    0.1812    0.6208
         0    0.7032    0.1065    0.1903


EM_temp =

     0
     1
     1
     1


TR_temp =

         0         0         0         0
         0    0.2987    0.5039    0.1974
         0    0.1753    0.2027    0.6220
         0    0.6780    0.1207    0.2012


EM_temp =

     0
     1
     1
     1


TR_temp =

         0         0         0         0
         0    0.2748    0.5115    0.2137
         0    0.2007    0.1901    0.6092
         0    0.7081    0.0932    0.1988


EM_temp =

     0
     1
     1
     1


TR_temp =

         0         0         0         0
         0    0.3128    0.4606    0.2266
         0    0.1992    0.1767    0.6241
         0    0.6942    0.0979    0.2080


EM_temp =

     0
     1
     1
     1


TR_temp =

         0         0         0         0
         0    0.2857    0.5024    0.2119
         0    0.2764    0.1527    0.5709
         0    0.7401    0.0724    0.1875


EM_temp =

     0
     1
     1
     1


TR_temp =

         0         0         0         0
         0    0.2843    0.4797    0.2360
         0    0.1799    0.2050    0.6151
         0    0.7064    0.0979    0.1957


EM_temp =

     0
     1
     1
     1


TR_temp =

         0         0         0         0
         0    0.3202    0.4704    0.2094
         0    0.1934    0.2007    0.6058
         0    0.7022    0.0878    0.2100


EM_temp =

     0
     1
     1
     1


TR_temp =

         0         0         0         0
         0    0.2842    0.5105    0.2053
         0    0.1913    0.2181    0.5906
         0    0.6667    0.1215    0.2118


EM_temp =

     0
     1
     1
     1


TR_temp =

         0         0         0         0
         0    0.2644    0.4974    0.2382
         0    0.1913    0.2130    0.5957
         0    0.6706    0.0824    0.2471


EM_temp =

     0
     1
     1
     1


TR_temp =

         0         0         0         0
         0    0.2926    0.4885    0.2188
         0    0.1679    0.1642    0.6679
         0    0.6988    0.1145    0.1867


EM_temp =

     0
     1
     1
     1


TR_temp =

         0         0         0         0
         0    0.3053    0.4733    0.2214
         0    0.2045    0.1599    0.6357
         0    0.6469    0.1217    0.2315


EM_temp =

     0
     1
     1
     1


TR_temp =

         0         0         0         0
         0    0.2887    0.5284    0.1830
         0    0.2181    0.1946    0.5872
         0    0.6773    0.1118    0.2109


EM_temp =

     0
     1
     1
     1


TR_temp =

         0         0         0         0
         0    0.2832    0.5063    0.2105
         0    0.2166    0.1588    0.6245
         0    0.6997    0.0991    0.2012


EM_temp =

     0
     1
     1
     1


TR_temp =

         0         0         0         0
         0    0.3463    0.4707    0.1829
